100
2 1
100 20
200 10
2 2
100 20
200 10
3 2
100 10
100 10
100 10
4 2
9 3
7 1
10 1
8 4
9 6
3149 375560
3817 357014
3664 317580
3891 312906
15067 27
3585 350014
3045 322963
19177 33
3871 391096
4 2
93652 646109
184152 328584
95692 632335
133180 454343
10 4
3030 319412
11932 97
11261 33
3318 384301
3353 386249
3509 361181
3803 352504
3690 314852
3646 340821
10460 69
2 1
622247 654522
401157 313689
9 5
41448 339583
137078 548013
763167 93209
996860 891909
940504 42219
717585 734083
629367 404671
291798 571490
801407 441162
6 3
21676 2221
25102 2697
29224 2312
22649 2366
256423 2
204514 88
9 6
25767 2120
242174 76
27019 2248
297660 95
26780 2138
29931 2812
23178 2168
26921 2773
21219 2475
7 4
3324 305379
3245 392232
16758 83
3724 332657
14210 90
3109 324603
3300 390626
6 4
496200 64057
848798 737566
846327 583312
351029 454726
664896 457956
558248 315190
6 4
29976 2073
268398 40
25581 2119
28864 2275
26771 2294
269214 66
7 3
429140 87155
128236 291663
130793 285961
107285 348620
230289 162412
434676 86045
737357 50724
4 3
202538 34452
424908 16422
510748 13662
262108 26622
9 5
145899 213528
331731 93912
206271 151032
34658 898884
211302 147436
134316 231942
679644 45838
128412 242606
892242 34916
10 7
3514 337329
11067 15
3270 363234
3004 360049
3443 359165
3788 352644
3652 347752
11187 72
11572 24
3425 344800
10 4
3104 300038
3982 363185
12870 50
3463 346982
3384 350742
3507 305200
3893 388530
3068 362189
16514 79
14262 71
4 3
95976 303807
429226 67932
142968 203949
54094 539028
2 1
241676 33
22789 2380
2 1
3240 355195
13713 77
2 1
258965 15
22583 2167
9 3
130071 152022
814927 246106
929279 40295
178676 104104
51051 356785
82888 546967
286457 241799
492741 932512
100290 766306
9 4
268441 184595
330915 149745
959992 51618
164034 302089
270252 183358
55323 895701
100251 494288
287508 172353
258022 192049
2 1
219727 69
29452 2712
3 1
22334 2915
24900 2296
291638 19
8 5
643126 21924
377487 37352
442308 31878
42021 335544
539028 26158
109388 128898
782936 18009
599256 23529
4 2
3180 385786
3784 356241
16719 20
3662 384079
6 1
67311 634536
935382 371159
841622 773018
994769 948815
735731 446201
393188 83966
5 3
286435 67
25190 2435
22065 2770
234421 71
29758 2873
7 4
357913 143863
193432 266194
168081 306343
68491 751784
88441 582201
95045 541748
94876 542713
10 6
216398 43956
51948 183106
991452 9594
18204 522522
170027 55944
227304 41847
14268 666666
133496 71253
153439 61992
148148 64206
4 2
31901 445918
270632 52563
56194 253145
63324 224642
10 4
40314 621234
30973 808589
142893 175267
804201 31142
54243 461708
129087 194012
95600 261971
65812 380545
25826 969737
120795 207330
8 5
22470 2088
20793 2613
25329 2739
29204 2119
283045 19
22785 2597
265755 74
29491 2624
6 4
208795 10
270831 23
26423 2263
21780 2339
24162 2257
20364 2775
4 1
282798 175429
959143 798790
617636 804968
866703 984764
9 5
124236 391386
801864 60639
80852 601398
51127 951048
296184 164169
150552 322973
618936 78561
62118 782772
951048 51127
6 3
209873 8
23550 2764
27670 2915
27699 2573
217582 27
26036 2520
10 3
145754 382182
295050 188797
556289 100136
130156 427983
240140 231967
340405 163642
60430 921803
368919 150994
144768 384785
251506 221484
5 2
257311 99
255309 70
25723 2130
20111 2784
28487 2275
9 5
3810 353904
19141 51
3352 343082
19463 64
3426 328635
3891 368179
3600 342690
3654 326134
3491 374707
10 6
922374 4004
436392 8463
107198 34452
744744 4959
236379 15624
120582 30628
9048 408177
586872 6293
9009 409944
239134 15444
7 2
371535 83654
217429 142945
800319 38835
81174 382886
136102 228361
78243 397229
157851 196897
8 4
384877 76933
879729 64200
606324 293129
503514 203023
5203 734718
594742 792305
363610 243789
818979 21657
10 6
122322 85932
40194 261516
144522 72732
36828 285418
19836 529914
199578 52668
794871 13224
187891 55944
65379 160776
99789 105336
5 1
15437 7
3960 318936
19865 12
3831 311566
3198 327325
5 3
3826 314748
3582 326762
3793 334980
13233 19
11504 21
6 4
103347 680248
339241 207232
843501 83345
99072 709601
214459 327809
219975 319589
9 2
3675 342706
3612 397956
3435 304827
3478 382250
3647 367582
3249 370275
13818 84
15641 24
3262 395836
10 5
230990 170932
494410 79860
85160 463640
208899 189008
53054 744215
506453 77961
158360 249328
290329 135996
984628 40100
977970 40373
6 2
201903 371203
85998 871497
105209 712363
215632 347569
252459 296868
95648 783571
2 1
875372 873916
645079 270183
3 2
55986 928404
526932 98642
591852 87822
10 6
76024 85239
8041 805896
489294 13244
158301 40936
9724 666414
51084 126854
131733 49192
532168 12177
65637 98728
29799 217464
7 4
335126 131776
485934 929791
909199 905641
757784 171561
382440 558462
838977 337849
306258 866042
4 1
9054 501801
377877 299614
77995 635360
624027 911412
6 4
794236 103573
91714 896934
421460 195182
176676 465606
388546 211716
335924 244881
9 3
255021 338121
89590 962473
879554 98036
176822 487654
118881 725330
304021 283625
121978 706914
151844 567872
241299 357349
5 2
819688 24536
247695 870741
650486 731791
652309 927050
820708 11461
3 2
27658 2302
277523 27
24263 2399
5 3
42328 154413
84968 76923
10989 594776
95589 68376
442728 14763
9 3
10223 58
3343 382684
3419 314358
3824 389565
3461 343192
3490 320929
3504 397752
15616 14
3023 348440
10 3
27444 2377
249578 34
21030 2591
292299 67
22370 2818
28006 2527
21007 2485
29560 2033
29791 2405
244324 96
7 4
40641 281736
176111 65016
38571 296856
306774 37324
19964 573534
124614 91884
102942 111228
5 3
249925 52
27883 2495
29341 2977
209288 39
28979 2586
2 2
194184 24871
13398 360468
3 1
729325 21210
24448 632730
46071 335764
7 1
733697 196927
372804 362405
664261 108218
979034 343084
721417 629164
5320 652281
176345 189140
3 2
69426 233988
247752 65569
630819 25752
9 2
172735 378982
473207 138340
165690 395096
739249 88554
85922 761894
66856 979171
207275 315829
355828 183975
280223 233612
9 5
66378 205884
306774 44548
20202 676476
120744 113183
289562 47196
845208 16169
60372 226366
26676 512302
267288 51129
10 5
14589 83
3737 373183
3717 377856
3165 306056
3105 309069
3362 315104
3046 329331
13359 13
3724 397826
17493 2
2 1
3535 331955
17347 23
10 10
1000000 1000000
1000000 1000000
1000000 1000000
1000000 1000000
1000000 1000000
1000000 1000000
1000000 1000000
1000000 1000000
1000000 1000000
1000000 1000000
8 3
49103 484072
240323 98906
38831 612124
117120 202949
922295 25772
162608 146176
55422 428880
96230 247006
8 2
3646 322366
3676 394976
3469 315824
11203 20
3491 335640
3202 395270
19574 74
3323 372670
3 1
241457 77953
633159 352787
771790 473254
3 1
453123 40402
18802 973677
429794 42595
3 2
24012 814506
43516 449442
217833 89784
8 5
26158 531468
247863 56088
28536 487179
745503 18648
79002 175972
147231 94424
691752 20097
549318 25308
9 2
305284 578856
10568 844553
524001 856136
756471 965738
170307 641556
516321 820737
137392 43665
511955 622872
778078 437495
3 1
28916 2642
279137 22
22748 2853
3 1
3751 382059
18639 87
3373 363284
3 2
891670 874802
277467 818780
372305 464834
1 1
1 1
7 5
213618 72
296866 36
28724 2711
27405 2175
25228 2145
20955 2207
28378 2709
10 5
407231 156471
347852 787336
744107 918367
629100 806539
668276 195568
93588 762945
142317 381780
187585 138007
94530 23470
862178 604900
4 2
314402 52475
35686 462317
19720 836625
28001 589202
3 2
64728 291669
33201 568632
35991 524552
2 1
13694 18
3469 330674
2 1
258624 568106
433903 254599
5 3
827665 728008
953146 307799
933500 126130
36122 104102
497639 996954
5 3
206271 42504
97911 89544
115128 76153
349074 25116
147576 59409
10 2
140589 769850
577216 369822
87338 820907
242936 959921
566777 242688
617083 168537
958832 787075
490926 528447
700820 9333
683721 261898
4 2
123615 733140
325415 278497
279810 323888
270173 335441
8 3
3234 399866
3895 332619
13004 14
3985 338081
11287 89
3579 385388
3587 328634
3987 388749
8 3
25777 2605
24303 2696
22214 2472
259608 45
214149 60
26658 2381
27332 2614
23472 2291
7 4
17976 41
17140 85
3407 308246
3552 310425
3346 358174
3413 373403
3432 329643
