100
1 1
540 600
840 900
2 0
900 1260
180 540
1 1
1439 1440
0 1
2 0
1198 1229
68 239
2 0
1193 1440
975 1193
2 0
316 339
1175 1440
2 0
110 261
984 1440
1 0
1296 1440
1 0
257 361
0 1
892 1440
1 1
200 786
786 1075
1 0
1134 1440
2 0
1080 1430
0 360
0 2
783 960
363 783
2 0
10 360
1080 1430
2 0
1432 1440
129 170
0 2
1197 1219
1171 1197
0 2
10 360
1080 1440
0 2
921 1343
1368 1440
0 2
0 1
1439 1440
1 0
853 1440
2 0
1136 1440
1108 1136
2 0
730 910
1209 1440
2 0
1036 1042
304 436
2 0
844 1042
1042 1440
0 2
1057 1097
20 542
2 0
806 1057
726 806
1 1
1293 1412
1412 1440
2 0
308 417
417 871
0 1
50 114
2 0
765 1135
1433 1440
2 0
974 1377
710 974
0 2
179 539
540 900
2 0
1079 1429
10 360
0 2
497 938
460 497
0 2
1015 1058
1213 1341
1 1
610 895
895 1440
1 1
1271 1440
828 1271
0 2
978 1440
827 978
0 2
1246 1440
1084 1246
0 1
1098 1440
0 2
820 864
864 1440
1 1
1130 1299
1299 1440
0 2
484 607
607 665
2 0
104 452
1267 1440
0 2
795 1273
728 795
2 0
364 468
903 1352
2 0
362 670
670 948
0 2
1080 1440
11 361
1 1
86 228
992 1440
0 2
150 272
272 632
0 1
1373 1440
1 0
1430 1440
2 0
1214 1268
1268 1368
0 2
129 197
197 346
2 0
1258 1440
733 900
2 0
365 752
66 365
1 1
164 369
405 798
0 1
492 679
0 2
0 360
1080 1440
2 0
1439 1440
0 1
0 2
1223 1440
97 505
1 1
0 1
1439 1440
1 1
670 738
990 1440
1 0
629 816
0 2
1316 1440
1309 1316
0 2
180 540
540 900
2 0
514 644
472 487
1 1
1005 1299
890 1005
1 0
1179 1440
0 2
472 767
1045 1440
0 2
855 1386
1386 1395
0 2
975 1440
890 975
2 0
1262 1440
938 1262
0 2
139 288
288 492
1 0
225 438
2 0
1282 1440
1093 1282
1 0
1015 1387
0 2
1262 1284
1284 1440
0 2
1299 1440
1257 1299
0 1
219 508
2 0
1080 1430
11 361
2 0
1017 1313
1313 1440
2 0
1403 1440
1057 1403
0 2
381 875
271 381
0 2
697 793
799 1300
1 0
559 742
0 2
428 628
292 334
0 1
607 899
0 2
54 59
59 354
0 1
861 1440
1 1
155 423
860 1440
0 2
1333 1361
107 696
1 1
1007 1440
733 763
1 1
998 1170
959 998
0 2
180 540
541 901
2 0
0 360
1079 1429
1 1
1420 1440
1015 1027
0 1
706 769
0 1
972 1440
