100
1 1
540 600
840 900
2 0
900 1260
180 540
1 1
1439 1440
0 1
0 2
1415 1440
494 603
2 0
1173 1440
745 1173
2 0
208 422
168 208
2 0
1188 1236
1236 1440
2 0
822 824
824 888
2 0
1080 1430
10 360
0 2
1251 1347
1054 1251
0 2
224 777
222 224
0 2
1080 1440
11 361
0 2
1080 1440
0 360
2 0
1079 1429
10 360
2 0
727 749
753 931
2 0
423 519
519 799
0 2
284 459
191 213
2 0
814 1060
394 694
0 2
540 900
180 540
1 0
1423 1440
2 0
456 511
395 456
2 0
1095 1194
89 286
0 2
541 901
180 540
2 0
0 1
1439 1440
2 0
1373 1440
177 267
0 1
295 684
2 0
832 960
1053 1440
0 2
773 842
937 1337
2 0
21 23
381 512
1 1
712 992
1209 1440
0 2
179 539
540 900
0 2
736 1295
1295 1440
2 0
1156 1278
738 881
2 0
88 317
449 451
0 1
1208 1440
2 0
516 537
537 1140
1 0
953 1440
0 2
1422 1440
606 802
2 0
496 830
830 889
0 2
1198 1440
87 203
0 2
1183 1440
938 1083
0 2
1080 1440
10 360
0 2
1239 1440
848 1239
1 1
1341 1440
1093 1341
2 0
211 316
316 672
1 1
568 645
949 1295
2 0
943 1168
1372 1440
0 2
1209 1440
752 1209
2 0
508 705
705 714
1 0
1278 1371
2 0
1142 1440
978 1020
0 1
81 124
2 0
1339 1440
636 899
2 0
339 470
881 1310
0 1
1075 1137
0 2
1255 1440
1071 1180
0 2
1082 1208
655 1082
0 2
1356 1377
1377 1440
0 2
1063 1365
877 1063
0 2
0 1
1439 1440
1 0
948 1440
2 0
954 1440
352 384
1 1
91 534
921 1440
1 0
1014 1440
1 0
29 127
2 0
967 1440
956 967
1 0
1228 1334
1 1
1144 1440
209 437
0 1
1333 1440
2 0
582 685
45 582
0 2
1247 1440
1095 1247
2 0
0 360
1079 1429
1 1
674 779
884 1414
1 1
1302 1440
92 340
1 1
221 716
1141 1440
2 0
1207 1248
1368 1440
0 2
154 404
1345 1440
0 2
555 710
539 555
0 2
84 468
1105 1440
0 2
1229 1440
954 1229
0 2
828 859
859 1440
0 2
1299 1358
507 700
2 0
1433 1440
118 267
1 1
0 1
1439 1440
0 2
480 772
772 929
1 1
73 351
351 627
2 0
749 1132
273 347
2 0
55 348
1330 1440
1 0
680 1286
1 0
1406 1440
2 0
1080 1430
11 361
0 2
806 1440
740 806
0 2
745 1065
1065 1440
0 2
354 905
1188 1211
1 1
679 725
725 1440
1 1
1076 1337
501 1076
2 0
1080 1430
0 360
2 0
392 578
99 301
1 1
975 1440
107 823
2 0
1138 1440
938 1138
